-0.132351
0.050873
1.544477
-0.123871
0.050554
1.560508
-0.112501
0.048579
1.570203
-0.099977
0.049134
1.576930
-0.087319
0.048901
1.584138
-0.074252
0.048838
1.585100
-0.060369
0.049316
1.590369
-0.046033
0.048907
1.591418
-0.031901
0.047964
1.581726
-0.018012
0.050060
1.584928
-0.003782
0.048720
1.567644
0.008236
0.049108
1.573619
0.020871
0.046740
1.553259
0.032122
0.047287
1.555562
0.042843
0.046901
1.538272
0.051163
0.047929
1.530683
0.059477
0.048094
1.522710
0.066180
0.046274
1.508647
0.071257
0.046306
1.498451
0.074901
0.046507
1.484164
0.076560
0.046219
1.469892
0.076280
0.046120
1.459593
0.074187
0.045930
1.447202
0.070707
0.045944
1.437548
0.066217
0.044872
1.427014
0.059209
0.045178
1.414642
0.050393
0.045463
1.402088
0.041958
0.045257
1.393300
0.030253
0.044752
1.379869
0.018456
0.043524
1.370106
0.006214
0.044373
1.362198
-0.007650
0.043612
1.353116
-0.019449
0.043149
1.347986
-0.035479
0.042386
1.339027
-0.049474
0.042474
1.334627
-0.062748
0.041807
1.330137
-0.075902
0.043602
1.329899
-0.088908
0.044919
1.329720
-0.100890
0.045253
1.330890
-0.112165
0.047415
1.336490
-0.122391
0.049565
1.342166
-0.131354
0.049288
1.349603
-0.139383
0.050909
1.359906
-0.146053
0.052223
1.368995
-0.151852
0.052316
1.380164
-0.157985
0.054417
1.396603
-0.161689
0.054122
1.411612
-0.164121
0.054376
1.427017
-0.165284
0.054089
1.444255
-0.164961
0.054296
1.461888
-0.162932
0.053769
1.480293
-0.159089
0.053255
1.496234
-0.153834
0.052697
1.510402
-0.147674
0.052891
1.526929
-0.139159
0.051873
1.541052
-0.129528
0.051306
1.551369
-0.119859
0.050629
1.564954
-0.107189
0.048953
1.567489
-0.095527
0.048721
1.581285
-0.082164
0.048738
1.579036
-0.069279
0.049377
1.589082
-0.054531
0.048437
1.580925
-0.041535
0.049150
1.592648
-0.027159
0.049297
1.579535
-0.013729
0.049657
1.582929
-0.000243
0.048852
1.569075
0.012270
0.048994
1.570445
0.024120
0.047219
1.553520
0.035571
0.048210
1.552758
0.045614
0.047629
1.533920
0.053931
0.047780
1.528808
0.061814
0.046886
1.516837
0.068040
0.047128
1.504702
0.072412
0.046279
1.495389
0.075241
0.046230
1.481878
0.076628
0.046381
1.467751
0.075585
0.045158
1.453660
0.073378
0.045385
1.444221
0.068713
0.045593
1.432732
0.062848
0.044939
1.421254
0.055434
0.044508
1.406744
0.047047
0.045162
1.398671
0.037075
0.045267
1.387169
0.026320
0.044182
1.376310
0.014578
0.044371
1.367705
0.001662
0.044084
1.359582
-0.011655
0.043050
1.350977
-0.025191
0.042367
1.344465
-0.039532
0.042133
1.338080
-0.053502
0.042374
1.333103
-0.066765
0.042512
1.331078
-0.080414
0.043344
1.329244
-0.092589
0.045001
1.330680
-0.103080
0.045168
1.331032
-0.114915
0.047510
1.338409
-0.125213
0.048162
1.343522
-0.134582
0.050177
1.354088
-0.142398
0.052274
1.364403
-0.147843
0.052530
1.371194
-0.154563
0.052591
1.386600
-0.159353
0.053941
1.401649
-0.162787
0.053531
1.417382
-0.164833
0.053534
1.434712
-0.165501
0.054480
1.452661
-0.164283
0.053834
1.469076
-0.161940
0.053737
1.487480
-0.157096
0.053262
1.499610
-0.151760
0.053557
1.516975
-0.144880
0.052305
1.533458
-0.135616
0.051475
1.544145
-0.126356
0.050738
1.556300
-0.115547
0.049140
1.569030
-0.102603
0.049271
1.572727
-0.090492
0.049005
1.583623
-0.077061
0.048989
1.582725
-0.063555
0.048854
1.590822
-0.048783
0.048638
1.588181
-0.035042
0.049000
1.588781
-0.021496
0.049835
1.584795
-0.007424
0.048492
1.573367
