-0.131992
0.000000
1.547428
-0.122921
0.000000
1.559991
-0.111645
0.000000
1.570799
-0.098776
0.000000
1.575895
-0.086130
0.000000
1.584648
-0.072797
0.000000
1.582948
-0.058897
0.000000
1.590388
-0.044370
0.000000
1.589929
-0.030400
0.000000
1.584364
-0.016068
0.000000
1.583173
-0.001822
0.000000
1.572454
0.010467
0.000000
1.572979
0.023052
0.000000
1.557687
0.034452
0.000000
1.554759
0.045320
0.000000
1.542540
0.053813
0.000000
1.530096
0.062299
0.000000
1.523874
0.068900
0.000000
1.511135
0.074150
0.000000
1.500561
0.077845
0.000000
1.485111
0.079354
0.000000
1.469037
0.079100
0.000000
1.459082
0.077059
0.000000
1.447247
0.073440
0.000000
1.436462
0.068782
0.000000
1.425660
0.061742
0.000000
1.413342
0.052902
0.000000
1.400736
0.044338
0.000000
1.390605
0.032550
0.000000
1.377656
0.020534
0.000000
1.367141
0.008308
0.000000
1.359808
-0.005701
0.000000
1.350650
-0.017664
0.000000
1.346245
-0.033819
0.000000
1.337789
-0.047930
0.000000
1.333722
-0.061428
0.000000
1.330510
-0.074676
0.000000
1.330884
-0.087867
0.000000
1.331853
-0.099955
0.000000
1.332902
-0.111544
0.000000
1.340255
-0.121771
0.000000
1.345035
-0.131113
0.000000
1.354493
-0.139141
0.000000
1.364164
-0.145931
0.000000
1.373248
-0.152044
0.000000
1.386326
-0.158292
0.000000
1.402526
-0.161871
0.000000
1.416459
-0.164516
0.000000
1.433342
-0.165583
0.000000
1.449880
-0.165150
0.000000
1.466576
-0.162955
0.000000
1.483801
-0.159043
0.000000
1.500204
-0.153742
0.000000
1.514147
-0.147163
0.000000
1.527963
-0.138650
0.000000
1.543681
-0.128668
0.000000
1.551440
-0.118964
0.000000
1.564961
-0.106715
0.000000
1.571905
-0.094343
0.000000
1.580089
-0.081240
0.000000
1.582553
-0.067796
0.000000
1.588238
-0.053311
0.000000
1.584530
-0.039820
0.000000
1.591916
-0.025324
0.000000
1.578531
-0.011773
0.000000
1.582033
0.001899
0.000000
1.566433
0.014506
0.000000
1.570042
0.026502
0.000000
1.552749
0.038088
0.000000
1.552938
0.048153
0.000000
1.537511
0.056677
0.000000
1.529518
0.064559
0.000000
1.517987
0.070886
0.000000
1.507973
0.075317
0.000000
1.496868
0.078098
0.000000
1.482211
0.079431
0.000000
1.467081
0.078391
0.000000
1.453639
0.076135
0.000000
1.443706
0.071332
0.000000
1.430900
0.065418
0.000000
1.419829
0.057810
0.000000
1.404508
0.049428
0.000000
1.396466
0.039383
0.000000
1.384516
0.028503
0.000000
1.373693
0.016725
0.000000
1.364878
0.003663
0.000000
1.356754
-0.009747
0.000000
1.348961
-0.023455
0.000000
1.342651
-0.037907
0.000000
1.336903
-0.052006
0.000000
1.332958
-0.065432
0.000000
1.331662
-0.079259
0.000000
1.330614
-0.091574
0.000000
1.332407
-0.102294
0.000000
1.334374
-0.114297
0.000000
1.341966
-0.124769
0.000000
1.347724
-0.134313
0.000000
1.358793
-0.142219
0.000000
1.368412
-0.147746
0.000000
1.375745
-0.154805
0.000000
1.392442
-0.159553
0.000000
1.406962
-0.163164
0.000000
1.423608
-0.165116
0.000000
1.439641
-0.165671
0.000000
1.457065
-0.164440
0.000000
1.473265
-0.162004
0.000000
1.491324
-0.157289
0.000000
1.504893
-0.151390
0.000000
1.518843
-0.144272
0.000000
1.534594
-0.135108
0.000000
1.546210
-0.125376
0.000000
1.555325
-0.114656
0.000000
1.568988
-0.101388
0.000000
1.571882
-0.089257
0.000000
1.582828
-0.075627
0.000000
1.581305
-0.062125
0.000000
1.590125
-0.047147
0.000000
1.585500
-0.033294
0.000000
1.588318
-0.019528
0.000000
1.582544
-0.005571
0.000000
1.576371
