-0.023712 0.992679 0.118435
-0.033439 0.984108 0.174392
-0.030332 0.989499 0.141321
-0.034674 0.986820 0.158063
-0.032611 0.992998 0.113539
-0.036339 0.986965 0.156780
0.034808 -0.994254 -0.101229
0.037677 -0.991240 -0.126584
0.033598 -0.998843 -0.034415
0.040292 -0.991459 -0.124040
0.040286 -0.999157 0.007900
0.044968 -0.992673 -0.112156
0.044803 -0.998943 -0.010288
-0.046641 0.989912 0.133788
-0.048763 0.998283 0.032451
-0.050360 0.987410 0.149954
-0.052539 0.991013 0.123018
-0.051530 0.993298 0.103463
-0.054080 0.990672 0.125077
-0.054111 0.985852 0.158643
-0.050995 0.978620 0.199256
-0.051729 0.979767 0.193341
-0.053429 0.981849 0.181985
-0.051195 0.978514 0.199724
-0.049736 0.978107 0.202072
-0.049962 0.980373 0.190717
-0.050497 0.982069 0.181634
-0.049043 0.978049 0.202520
-0.049192 0.981713 0.183900
0.046756 -0.979674 -0.195070
0.047208 -0.983685 -0.173597
-0.045709 0.983748 0.173637
0.043158 -0.986792 -0.156136
-0.042176 0.987579 0.151358
-0.040512 0.987886 0.149800
-0.037178 0.990707 0.130834
-0.035192 0.991634 0.124188
-0.032151 0.993405 0.110058
-0.032005 0.991160 0.128751
-0.026466 0.994465 0.101684
-0.027958 0.990911 0.131583
-0.023069 0.994062 0.106343
-0.024862 0.991353 0.128846
-0.024133 0.990279 0.136987
-0.020154 0.993673 0.110492
-0.019292 0.992573 0.120111
-0.022878 0.989066 0.145686
-0.019657 0.992495 0.120696
-0.021678 0.990774 0.133780
-0.023155 0.988901 0.146758
-0.025344 0.986313 0.162927
-0.025290 0.988914 0.146318
-0.024429 0.989808 0.140299
-0.030022 0.983710 0.177236
-0.028107 0.990440 0.135049
-0.032647 0.984883 0.170118
-0.031396 0.987002 0.157614
-0.021060 0.998354 0.053352
-0.033838 0.987020 0.156994
0.026356 -0.998654 -0.044666
0.035985 -0.991455 -0.125389
0.029367 -0.999316 -0.022494
0.038195 -0.993249 -0.109536
0.039371 -0.992940 -0.111892
0.040529 -0.993349 -0.107772
0.044018 -0.987594 -0.150735
-0.044861 0.993078 0.108552
-0.048563 0.990035 0.132182
-0.049184 0.991971 0.116506
-0.049071 0.997540 0.050060
-0.052087 0.990492 0.127327
-0.051964 0.990336 0.128585
-0.052863 0.994675 0.088474
-0.054114 0.988360 0.142187
-0.052620 0.983743 0.171698
-0.051031 0.979566 0.194543
-0.052639 0.980882 0.187347
-0.051795 0.979687 0.193726
-0.049603 0.975782 0.213046
-0.050355 0.978446 0.200270
-0.047941 0.977003 0.207768
-0.048565 0.979444 0.195785
-0.048132 0.979553 0.195346
0.047683 -0.980545 -0.190414
-0.047731 0.981075 0.187651
0.045763 -0.982368 -0.181272
-0.045651 0.985191 0.165270
-0.043215 0.985828 0.162098
-0.041908 0.987412 0.152518
-0.039884 0.990004 0.135279
-0.037401 0.991053 0.128125
-0.034512 0.992006 0.121378
-0.032193 0.991818 0.123535
-0.029266 0.994279 0.102730
-0.027086 0.993518 0.110401
-0.025975 0.993265 0.112917
-0.024229 0.993222 0.113679
-0.023950 0.990546 0.135072
-0.024175 0.990685 0.134007
-0.020011 0.992532 0.120331
-0.021894 0.990682 0.134426
-0.019919 0.992187 0.123159
-0.022136 0.988658 0.148546
-0.023742 0.987810 0.153846
-0.023535 0.987705 0.154547
-0.024130 0.987791 0.153905
-0.020081 0.992888 0.117349
-0.028418 0.985357 0.168116
-0.031377 0.984527 0.172399
-0.027238 0.989757 0.140140
-0.034453 0.981846 0.186525
-0.031308 0.987131 0.156822
-0.035417 0.986808 0.157971
-0.033952 0.989171 0.142784
-0.036182 0.988845 0.144486
0.034600 -0.992360 -0.118422
0.037536 -0.987643 -0.152156
0.038433 -0.994015 -0.102257
0.041195 -0.989866 -0.135899
0.038695 -0.998876 -0.027359
