-0.023707 0.992747 0.117859
-0.033435 0.984266 0.173498
-0.030310 0.989623 0.140452
-0.034674 0.986961 0.157180
-0.032603 0.993090 0.112737
-0.036314 0.987154 0.155593
-0.034774 0.994345 0.100341
-0.037660 0.991365 0.125610
-0.033561 0.998868 0.033701
-0.040270 0.991579 0.123083
0.040264 -0.999158 0.007838
-0.044961 0.992752 0.111458
-0.044778 0.998945 0.010148
-0.046645 0.990013 0.133035
-0.048757 0.998324 0.031173
-0.050360 0.987556 0.148989
-0.052529 0.991110 0.122236
-0.051515 0.993404 0.102443
-0.054080 0.990798 0.124077
-0.054105 0.985999 0.157732
-0.050993 0.978833 0.198208
-0.051720 0.979970 0.192310
-0.053420 0.982032 0.180997
-0.051190 0.978732 0.198652
-0.049729 0.978311 0.201083
-0.049948 0.980559 0.189763
-0.050486 0.982240 0.180710
-0.049041 0.978260 0.201498
-0.049177 0.981861 0.183114
-0.046751 0.979868 0.194096
-0.047201 0.983829 0.172776
-0.045705 0.983896 0.172798
-0.043141 0.986944 0.155181
-0.042158 0.987720 0.150436
-0.040511 0.987991 0.149106
-0.037162 0.990800 0.130129
-0.035181 0.991717 0.123533
-0.032154 0.993457 0.109584
-0.032001 0.991237 0.128164
-0.026473 0.994508 0.101261
-0.027961 0.990994 0.130952
-0.023066 0.994119 0.105813
-0.024875 0.991419 0.128337
-0.024144 0.990356 0.136424
-0.020165 0.993727 0.110004
-0.019311 0.992636 0.119589
-0.022908 0.989168 0.144988
-0.019663 0.992569 0.120082
-0.021685 0.990864 0.133107
-0.023159 0.989002 0.146076
-0.025350 0.986440 0.162153
-0.025305 0.989004 0.145706
-0.024411 0.989927 0.139459
-0.030004 0.983888 0.176249
-0.028109 0.990542 0.134301
-0.032564 0.985129 0.168701
-0.031374 0.987161 0.156617
-0.021038 0.998378 0.052907
-0.033811 0.987218 0.155747
-0.026318 0.998682 0.044070
-0.035971 0.991560 0.124557
-0.029341 0.999325 0.022103
-0.038180 0.993334 0.108764
-0.039332 0.993080 0.110655
-0.040513 0.993427 0.107055
-0.044008 0.987744 0.149751
-0.044849 0.993160 0.107801
-0.048558 0.990160 0.131245
-0.049180 0.992028 0.116026
-0.049076 0.997598 0.048877
-0.052079 0.990578 0.126658
-0.051959 0.990492 0.127384
-0.052853 0.994793 0.087143
-0.054110 0.988487 0.141301
-0.052613 0.983904 0.170779
-0.051038 0.979809 0.193312
-0.052636 0.981071 0.186360
-0.051797 0.979923 0.192530
-0.049597 0.976017 0.211967
-0.050347 0.978620 0.199419
-0.047927 0.977212 0.206785
-0.048559 0.979671 0.194644
-0.048118 0.979730 0.194459
-0.047674 0.980723 0.189498
-0.047729 0.981240 0.186789
-0.045752 0.982531 0.180386
-0.045646 0.985299 0.164629
-0.043207 0.985981 0.161166
-0.041906 0.987530 0.151748
-0.039873 0.990096 0.134608
-0.037395 0.991141 0.127440
-0.034511 0.992075 0.120814
-0.032197 0.991887 0.122979
-0.029266 0.994332 0.102215
-0.027091 0.993577 0.109869
-0.025984 0.993324 0.112393
-0.024244 0.993277 0.113192
-0.023962 0.990624 0.134499
-0.024168 0.990777 0.133330
-0.020020 0.992593 0.119825
-0.021907 0.990763 0.133821
-0.019932 0.992259 0.122578
-0.022145 0.988773 0.147777
-0.023757 0.987913 0.153180
-0.023538 0.987814 0.153850
-0.024138 0.987909 0.153147
-0.020094 0.992945 0.116862
-0.028382 0.985537 0.167068
-0.031366 0.984699 0.171417
-0.027232 0.989862 0.139400
-0.034462 0.981999 0.185716
-0.031293 0.987279 0.155887
-0.035382 0.986972 0.156955
-0.033938 0.989295 0.141930
-0.036161 0.988999 0.143433
-0.034569 0.992489 0.117345
-0.037517 0.987805 0.151110
-0.038413 0.994093 0.101501
-0.041185 0.989986 0.135027
-0.038662 0.998896 0.026677
